87.4488296816 16.6805721546 7.2843594305 -17.7143163629 0.0000007930 0.0000003629
16.6805721546 86.7719769047 7.2844118960 17.9803070075 -0.0000001940 0.0000005510
7.2843594305 7.2844118960 113.2854032481 0.0001920408 -0.0000287256 -0.0000392578
-17.7143163629 17.9803070075 0.0001920408 59.1365817600 -0.0000018863 -0.0000004063
0.0000007930 -0.0000001940 -0.0000287256 -0.0000018863 59.2030667167 -17.8375775845
0.0000003629 0.0000005510 -0.0000392578 -0.0000004063 -17.8375775845 41.6566196644
